230.5572
249.4804
261.3747
270.1891
277.2444
283.1532
288.2515
291.994
291.9369
291.8581
291.7521
291.6167
291.4492
291.2474
291.0107
290.7344
290.4187
290.0714
289.6884
289.2723
288.8331
288.3628
287.8817
287.3667
286.8544
284.1146
281.3359
278.6537
276.1102
273.7261
271.4889
269.401
267.4479
265.6175
263.9052
262.2679
260.7393
259.2797
257.9138
256.5903
255.3378
254.1479
253.0121
251.9236
250.8753
249.8673
248.8998
247.9626
247.0572
246.1835
245.3408
244.5293
243.7496
242.9897
242.2403
241.522
240.8363
240.1494
239.4861
238.8575