0.200000E-01
0.400000E-01
0.600000E-01
0.800000E-01
0.100000E+00
0.120000E+00
0.140000E+00
0.160000E+00
0.180000E+00
0.200000E+00
0.220000E+00
0.240000E+00
0.260000E+00
0.280000E+00
0.300000E+00
0.320000E+00
0.340000E+00
0.360000E+00
0.380000E+00
0.400000E+00
0.420000E+00
0.440000E+00
0.460000E+00
0.480000E+00
0.500000E+00
0.600000E+00
0.700000E+00
0.800000E+00
0.900000E+00
0.100000E+01
0.110000E+01
0.120000E+01
0.130000E+01
0.140000E+01
0.150000E+01
0.160000E+01
0.170000E+01
0.180000E+01
0.190000E+01
0.200000E+01
0.210000E+01
0.220000E+01
0.230000E+01
0.240000E+01
0.250000E+01
0.260000E+01
0.270000E+01
0.280000E+01
0.290000E+01
0.300000E+01
0.310000E+01
0.320000E+01
0.330000E+01
0.340000E+01
0.350000E+01
0.360000E+01
0.370000E+01
0.380000E+01
0.390000E+01
0.400000E+01