0.02 230.5572
0.04 249.4804
0.06 261.3747
0.08 270.1891
0.10 277.2444
0.12 283.1532
0.14 288.2515
0.16 291.994
0.18 291.9369
0.20 291.8581
0.22 291.7521
0.24 291.6167
0.26 291.4492
0.28 291.2474
0.30 291.0107
0.32 290.7344
0.34 290.4187
0.36 290.0714
0.38 289.6884
0.40 289.2723
0.42 288.8331
0.44 288.3628
0.46 287.8817
0.48 287.3667
0.50 286.8544
0.60 284.1146
0.70 281.3359
0.80 278.6537
0.90 276.1102
1.00 273.7261
1.10 271.4889
1.20 269.401
1.30 267.4479
1.40 265.6175
1.50 263.9052
1.60 262.2679
1.70 260.7393
1.80 259.2797
1.90 257.9138
2.00 256.5903
2.10 255.3378
2.20 254.1479
2.30 253.0121
2.40 251.9236
2.50 250.8753
2.60 249.8673
2.70 248.8998
2.80 247.9626
2.90 247.0572
3.00 246.1835
3.10 245.3408
3.20 244.5293
3.30 243.7496
3.40 242.9897
3.50 242.2403
3.60 241.522
3.70 240.8363
3.80 240.1494
3.90 239.4861
4.00 238.8575