0.000903 18.182
0.0129 52.2121
0.0157 57.2009
0.0278 61.876
0.0415 66.1829
0.0556 70.1431
0.0697 73.7981
0.0827 77.1285
0.0946 80.1166
0.1058 82.7329
0.1156 84.9359
0.1229 86.9441
0.1285 88.7643
0.1333 90.4306
0.139 91.9725
0.1458 93.4138
0.1561 94.774
0.1679 96.068
0.1804 97.3072
0.1932 98.4997
0.2054 99.6508
0.2165 100.7624
0.2273 101.8329
0.2373 102.8571
0.2453 103.8254
0.2527 104.7252
0.2593 105.5421
0.2661 106.2626
0.2742 106.8759
0.284 107.3766
0.2956 107.7663
0.3084 108.0538
0.3204 108.2549
0.3314 108.3911
0.341 108.4866
0.3493 108.5655
0.3571 108.6488
