18.182
52.2121
57.2009
61.876
66.1829
70.1431
73.7981
77.1285
80.1166
82.7329
84.9359
86.9441
88.7643
90.4306
91.9725
93.4138
94.774
96.068
97.3072
98.4997
99.6508
100.7624
101.8329
102.8571
103.8254
104.7252
105.5421
106.2626
106.8759
107.3766
107.7663
108.0538
108.2549
108.3911
108.4866
108.5655
108.6488
108.7321
108.8154
108.8987
108.982
109.0653
109.1486
109.2319
109.3152
109.3985
109.4818
109.5651
109.6484
109.7317
109.815
109.8983
109.9816
110.0649
110.1482
110.2315
110.3148
110.3981
110.4814
110.5647
110.648
110.7313
110.8146
110.8979
110.9812
111.0645
111.1478
111.2311
111.3144
111.3977
111.481
111.5643
111.6476
111.7309
111.8142
111.8975
111.9808
112.0641
112.1474
112.2307
112.314
112.3973
112.4806
112.5639
112.6472
112.7305
112.8138
112.8971
112.9804
113.0637
113.147
113.2303
113.3136
113.3969
113.4802
113.5635
113.6468
113.7301
113.8134
113.8967
113.98
114.0633
114.1466
114.2299
114.3132
114.3965
114.4798
114.5631
114.6464
114.7297
114.813
114.8963
114.9796
115.0629
115.1462
115.2295
115.3128
115.3961
115.4794
115.5627
115.646
115.7293
115.8126
115.8959
115.9792
116.0625
116.1458
116.2291
116.3124
116.3957
116.479
116.5623
116.6456
116.7289
116.8122
116.8955
116.9788
117.0621
117.1454
117.2287
117.312
117.3953
117.4786
117.5619
117.6452
117.7285
117.8118
117.8951
117.9784
118.0617
118.145
118.2283
118.3116
118.3949
118.4782
118.5615
118.6448
118.7281
118.8114
118.8947
118.978
119.0613
119.1446
119.2279
119.3112
119.3945
119.4778
119.5611
119.6444
119.7277
119.811
119.8943
119.9776
120.0609
120.1442
120.2275
120.3108
120.3941
120.4774
120.5607
120.644
120.7273
120.8106
120.8939
120.9772
121.0605
121.1438
121.2271
121.3104
121.3937
121.477
121.5603
121.6436
121.7269
121.8102
121.8935
121.9768
122.0601
122.1434
122.2267
122.31
122.3933
122.4766
122.5599
122.6432
122.7265
122.8098
122.8931
122.9764
123.0597
123.143
123.2263
123.3096
123.3929
123.4762
123.5595
123.6428
123.7261
123.8094
123.8927
123.976
124.0593
124.1426
124.2259
124.3092
124.3925
124.4758
124.5591
124.6424
124.7257
124.809
124.8923
124.9756
125.0589
125.1422
125.2255
125.3088
125.3921
125.4754
125.5587
125.642
125.7253
125.8086
125.8919
125.9752
126.0585
126.1418
126.2251
126.3084
126.3917
126.475
126.5583
126.6416
126.7249
126.8082
126.8915
126.9748
127.0581
127.1414
127.2247
127.308
127.3913
127.4746
127.5579
127.6412
127.7245
127.8078
127.8911
127.9744
128.0577
128.141
128.2243
128.3076
128.3909
128.4742
128.5575
128.6408
128.7241
128.8074
128.8907
128.974
129.0573
129.1406
129.2239
129.3072
129.3905
129.4738
129.5571
129.6404
129.7237
129.807
129.8903
129.9736
130.0569
130.1402
130.2235
130.3068
130.3901
130.4734
130.5567
130.64
130.7233
130.8066
130.8899
130.9732
131.0565
131.1398
131.2231
131.3064
131.3897
131.473
131.5563
131.6396
131.7229
131.8062
131.8895
131.9728
132.0561
132.1394
132.2227
132.306
132.3893
132.4726
132.5559
132.6392
132.7225
132.8058
132.8891
132.9724
133.0557
133.139
133.2223
133.3056
133.3889
133.4722
133.5555
133.6388
133.7221
133.8054
133.8887
133.972
134.0553
134.1386
134.2219
134.3052
134.3885
134.4718
134.5551
134.6384
134.7217
134.805
134.8883
134.9716
135.0549
135.1382
135.2215
135.3048
135.3881
135.4714
135.5547
135.638
135.7213
135.8046
135.8879
135.9712
136.0545
136.1378
136.2211
136.3044
136.3877
136.471
136.5543
136.6376
136.7209
136.8042
136.8875
136.9708
137.0541
137.1374
137.2207
137.304
137.3873
137.4706
137.5539
137.6372
137.7205
137.8038
137.8871
137.9704
138.0537
138.137
138.2203
138.3036
138.3869
138.4702
138.5535
138.6368
138.7201
138.8034
138.8867
138.97
139.0533
139.1366
139.2199
139.3032
139.3865
139.4698
139.5531
139.6364
139.7197
139.803
139.8863
139.9696
140.0529
140.1362
140.2195
140.3028
140.3861
140.4694
140.5527
140.636
140.7193
140.8026
140.8859
140.9692
141.0525
141.1358
141.2191
141.3024
141.3857
141.469
141.5523
141.6356
141.7189
141.8022
141.8855
141.9688
142.0521
142.1354
142.2187
142.302
142.3853
142.4686
142.5519
142.6352
142.7185
142.8018
142.8851
142.9684
143.0517
143.135
143.2183
143.3016
143.3849
143.4682
143.5515
143.6348
143.7181
143.8014
143.8847
143.968
144.0513
144.1346
144.2179
144.3012
144.3845
144.4678
144.5511
144.6344
144.7177
144.801
144.8843
144.9676
145.0509
145.1342
145.2175
145.3008
145.3841
145.4674
145.5507
145.634
145.7173
145.8006
145.8839
145.9672
146.0505
146.1338
146.2171
146.3004
146.3837
146.467
146.5503
146.6336
146.7169
146.8002
146.8835
146.9668
147.0501
147.1334
147.2167
147.3
147.3833
147.4666
147.5499
147.6332
147.7165
147.7998
147.8831
147.9664
148.0497
148.133
148.2163
148.2996
148.3829
148.4662
148.5495
148.6328
148.7161
148.7994
148.8827
148.966
149.0493
149.1326
149.2159
149.2992
149.3825
149.4658
149.5491
149.6324
149.7157
149.799
149.8823
149.9656
150.0489
150.1322
150.2155
150.2988
150.3821
150.4654
150.5487
150.632
150.7153
150.7986
150.8819
150.9652
151.0485
151.1318
151.2151
151.2984
151.3817
151.465
151.5483
151.6316
151.7149
151.7982
151.8815
151.9648
152.0481
152.1314
152.2147
152.298
152.3813
152.4646
152.5479
152.6312
152.7145
152.7978
152.8811
152.9644
153.0477
153.131
153.2143
153.2976
153.3809
153.4642
153.5475
153.6308
153.7141
153.7974
153.8807
153.964
154.0473
154.1306
154.2139
154.2972
154.3805
154.4638
154.5471
154.6304
154.7137
154.797
154.8803
154.9636
155.0469
155.1302
155.2135
155.2968
155.3801
155.4634
155.5467
155.63
155.7133
155.7966
155.8799
155.9632
156.0465
156.1298
156.2131
156.2964
156.3797
156.463
156.5463
156.6296
156.7129
156.7962
156.8795
156.9628
157.0461
157.1294
157.2127
157.296
157.3793
157.4626
157.5459
157.6292
157.7125
157.7958
157.8791
157.9624
158.0457
158.129
158.2123
158.2956
158.3789
158.4622
158.5455
158.6288
158.7121
158.7954
158.8787
158.962
159.0453
159.1286
159.2119
159.2952
159.3785
159.4618
159.5451
159.6284
159.7117
159.795
159.8783
159.9616
160.0449
160.1282
160.2115
160.2948
160.3781
160.4614
160.5447
160.628
160.7113
160.7946
160.8779
160.9612
161.0445
161.1278
161.2111
161.2944
161.3777
161.461
161.5443
161.6276
161.7109
161.7942
161.8775
161.9608
162.0441
162.1274
162.2107
162.294
162.3773
162.4606
162.5439
162.6272
162.7105
162.7938
162.8771
162.9604
163.0437
163.127
163.2103
163.2936
163.3769
163.4602
163.5435
163.6268
163.7101
163.7934
163.8767
163.96
164.0433
164.1266
164.2099
164.2932
164.3765
164.4598
164.5431
164.6264
164.7097
164.793
164.8763
164.9596
165.0429
165.1262
165.2095
165.2928
165.3761
165.4594
165.5427
165.626
165.7093
165.7926
165.8759
165.9592
166.0425
166.1258
166.2091
166.2924
166.3757
166.459
166.5423
166.6256
166.7089
166.7922
166.8755
166.9588
167.0421
167.1254
167.2087
167.292
167.3753
167.4586
167.5419
167.6252
167.7085
167.7918
167.8751
167.9584
168.0417
168.125
168.2083
168.2916
168.3749
168.4582
168.5415
168.6248
168.7081
168.7914
168.8747
168.958
169.0413
169.1246
169.2079
169.2912
169.3745
169.4578
169.5411
169.6244
169.7077
169.791
169.8743
169.9576
170.0409
170.1242
170.2075
170.2908
170.3741
170.4574
170.5407
170.624
170.7073
170.7906
170.8739
170.9572
171.0405
171.1238
171.2071
171.2904
171.3737
171.457
171.5403
171.6236
171.7069
171.7902
171.8735
171.9568
172.0401
172.1234
172.2067
172.29
172.3733
172.4566
172.5399
172.6232
172.7065
172.7898
172.8731
172.9564
173.0397
173.123
173.2063
173.2896
173.3729
173.4562
173.5395
173.6228
173.7061
173.7894
173.8727
173.956
174.0393
174.1226
174.2059
174.2892
174.3725
174.4558
174.5391
174.6224
174.7057
174.789
174.8723
174.9556
175.0389
175.1222
175.2055
175.2888
175.3721
175.4554
175.5387
175.622
175.7053
175.7886
175.8719
175.9552
176.0385
176.1218
176.2051
176.2884
176.3717
176.455
176.5383
176.6216
176.7049
176.7882
176.8715
176.9548
177.0381
177.1214
177.2047
177.288
177.3713
177.4546
177.5379
177.6212
177.7045
177.7878
177.8711
177.9544
178.0377
178.121
178.2043
178.2876
178.3709
178.4542
178.5375
178.6208
178.7041
178.7874
178.8707
178.954
179.0373
179.1206
179.2039
179.2872
179.3705
179.4538
179.5371
179.6204
179.7037
179.787
179.8703
179.9536
180.0369
180.1202
180.2035
180.2868
180.3701
180.4534
180.5367
180.62
180.7033
180.7866
180.8699
180.9532
181.0365
181.1198
181.2031
181.2864
181.3697
181.453
181.5363
181.6196
181.7029
181.7862
181.8695
181.9528
182.0361
182.1194
182.2027
182.286
182.3693
182.4526
182.5359
182.6192
182.7025
182.7858
182.8691
182.9524
183.0357
183.119
183.2023
183.2856
183.3689
183.4522
183.5355
183.6188
183.7021
183.7854
183.8687
183.952
184.0353
184.1186
184.2019
184.2852
184.3685
184.4518
184.5351
184.6184
184.7017
184.785
184.8683
184.9516
185.0349
185.1182
185.2015
185.2848
185.3681
185.4514
185.5347
185.618
185.7013
185.7846
185.8679
185.9512
186.0345
186.1178
186.2011
186.2844
186.3677
186.451
186.5343
186.6176
186.7009
186.7842
186.8675
186.9508
187.0341
187.1174
187.2007
187.284
187.3673
187.4506
187.5339
187.6172
187.7005
187.7838
187.8671
187.9504
188.0337
188.117
188.2003
188.2836
188.3669
188.4502
188.5335
188.6168
188.7001
188.7834
188.8667
188.95
189.0333
189.1166
189.1999
189.2832
189.3665
189.4498
189.5331
189.6164
189.6997
189.783
189.8663
189.9496
190.0329
190.1162
190.1995
190.2828
190.3661
190.4494
190.5327
190.616
190.6993
190.7826
190.8659
190.9492
191.0325
191.1158
191.1991
191.2824
191.3657
191.449
191.5323
191.6156
191.6989
191.7822
191.8655
191.9488
192.0321
192.1154
192.1987
192.282
192.3653
192.4486
192.5319
192.6152
192.6985
192.7818
192.8651
192.9484
193.0317
193.115
193.1983
193.2816
193.3649
193.4482
193.5315
193.6148
193.6981
193.7814
193.8647
193.948
194.0313
194.1146
194.1979
194.2812
194.3645
194.4478
194.5311
194.6144
194.6977
194.781
194.8643
194.9476
195.0309
195.1142
195.1975
195.2808
195.3641
195.4474
195.5307
195.614