0.000903
0.0129
0.0157
0.0278
0.0415
0.0556
0.0697
0.0827
0.0946
0.1058
0.1156
0.1229
0.1285
0.1333
0.139
0.1458
0.1561
0.1679
0.1804
0.1932
0.2054
0.2165
0.2273
0.2373
0.2453
0.2527
0.2593
0.2661
0.2742
0.284
0.2956
0.3084
0.3204
0.3314
0.341
0.3493
0.3571
0.3649
0.3727
0.3805
0.3883
0.3961
0.4039
0.4117
0.4195
0.4273
0.4351
0.4429
0.4507
0.4585
0.4663
0.4741
0.4819
0.4897
0.4975
0.5053
0.5131
0.5209
0.5287
0.5365
0.5443
0.5521
0.5599
0.5677
0.5755
0.5833
0.5911
0.5989
0.6067
0.6145
0.6223
0.6301
0.6379
0.6457
0.6535
0.6613
0.6691
0.6769
0.6847
0.6925
0.7003
0.7081
0.7159
0.7237
0.7315
0.7393
0.7471
0.7549
0.7627
0.7705
0.7783
0.7861
0.7939
0.8017
0.8095
0.8173
0.8251
0.8329
0.8407
0.8485
0.8563
0.8641
0.8719
0.8797
0.8875
0.8953
0.9031
0.9109
0.9187
0.9265
0.9343
0.9421
0.9499
0.9577
0.9655
0.9733
0.9811
0.9889
0.9967
1.0045
1.0123
1.0201
1.0279
1.0357
1.0435
1.0513
1.0591
1.0669
1.0747
1.0825
1.0903
1.0981
1.1059
1.1137
1.1215
1.1293
1.1371
1.1449
1.1527
1.1605
1.1683
1.1761
1.1839
1.1917
1.1995
1.2073
1.2151
1.2229
1.2307
1.2385
1.2463
1.2541
1.2619
1.2697
1.2775
1.2853
1.2931
1.3009
1.3087
1.3165
1.3243
1.3321
1.3399
1.3477
1.3555
1.3633
1.3711
1.3789
1.3867
1.3945
1.4023
1.4101
1.4179
1.4257
1.4335
1.4413
1.4491
1.4569
1.4647
1.4725
1.4803
1.4881
1.4959
1.5037
1.5115
1.5193
1.5271
1.5349
1.5427
1.5505
1.5583
1.5661
1.5739
1.5817
1.5895
1.5973
1.6051
1.6129
1.6207
1.6285
1.6363
1.6441
1.6519
1.6597
1.6675
1.6753
1.6831
1.6909
1.6987
1.7065
1.7143
1.7221
1.7299
1.7377
1.7455
1.7533
1.7611
1.7689
1.7767
1.7845
1.7923
1.8001
1.8079
1.8157
1.8235
1.8313
1.8391
1.8469
1.8547
1.8625
1.8703
1.8781
1.8859
1.8937
1.9015
1.9093
1.9171
1.9249
1.9327
1.9405
1.9483
1.9561
1.9639
1.9717
1.9795
1.9873
1.9951
2.0029
2.0107
2.0185
2.0263
2.0341
2.0419
2.0497
2.0575
2.0653
2.0731
2.0809
2.0887
2.0965
2.1043
2.1121
2.1199
2.1277
2.1355
2.1433
2.1511
2.1589
2.1667
2.1745
2.1823
2.1901
2.1979
2.2057
2.2135
2.2213
2.2291
2.2369
2.2447
2.2525
2.2603
2.2681
2.2759
2.2837
2.2915
2.2993
2.3071
2.3149
2.3227
2.3305
2.3383
2.3461
2.3539
2.3617
2.3695
2.3773
2.3851
2.3929
2.4007
2.4085
2.4163
2.4241
2.4319
2.4397
2.4475
2.4553
2.4631
2.4709
2.4787
2.4865
2.4943
2.5021
2.5099
2.5177
2.5255
2.5333
2.5411
2.5489
2.5567
2.5645
2.5723
2.5801
2.5879
2.5957
2.6035
2.6113
2.6191
2.6269
2.6347
2.6425
2.6503
2.6581
2.6659
2.6737
2.6815
2.6893
2.6971
2.7049
2.7127
2.7205
2.7283
2.7361
2.7439
2.7517
2.7595
2.7673
2.7751
2.7829
2.7907
2.7985
2.8063
2.8141
2.8219
2.8297
2.8375
2.8453
2.8531
2.8609
2.8687
2.8765
2.8843
2.8921
2.8999
2.9077
2.9155
2.9233
2.9311
2.9389
2.9467
2.9545
2.9623
2.9701
2.9779
2.9857
2.9935
3.0013
3.0091
3.0169
3.0247
3.0325
3.0403
3.0481
3.0559
3.0637
3.0715
3.0793
3.0871
3.0949
3.1027
3.1105
3.1183
3.1261
3.1339
3.1417
3.1495
3.1573
3.1651
3.1729
3.1807
3.1885
3.1963
3.2041
3.2119
3.2197
3.2275
3.2353
3.2431
3.2509
3.2587
3.2665
3.2743
3.2821
3.2899
3.2977
3.3055
3.3133
3.3211
3.3289
3.3367
3.3445
3.3523
3.3601
3.3679
3.3757
3.3835
3.3913
3.3991
3.4069
3.4147
3.4225
3.4303
3.4381
3.4459
3.4537
3.4615
3.4693
3.4771
3.4849
3.4927
3.5005
3.5083
3.5161
3.5239
3.5317
3.5395
3.5473
3.5551
3.5629
3.5707
3.5785
3.5863
3.5941
3.6019
3.6097
3.6175
3.6253
3.6331
3.6409
3.6487
3.6565
3.6643
3.6721
3.6799
3.6877
3.6955
3.7033
3.7111
3.7189
3.7267
3.7345
3.7423
3.7501
3.7579
3.7657
3.7735
3.7813
3.7891
3.7969
3.8047
3.8125
3.8203
3.8281
3.8359
3.8437
3.8515
3.8593
3.8671
3.8749
3.8827
3.8905
3.8983
3.9061
3.9139
3.9217
3.9295
3.9373
3.9451
3.9529
3.9607
3.9685
3.9763
3.9841
3.9919
3.9997
4.0075
4.0153
4.0231
4.0309
4.0387
4.0465
4.0543
4.0621
4.0699
4.0777
4.0855
4.0933
4.1011
4.1089
4.1167
4.1245
4.1323
4.1401
4.1479
4.1557
4.1635
4.1713
4.1791
4.1869
4.1947
4.2025
4.2103
4.2181
4.2259
4.2337
4.2415
4.2493
4.2571
4.2649
4.2727
4.2805
4.2883
4.2961
4.3039
4.3117
4.3195
4.3273
4.3351
4.3429
4.3507
4.3585
4.3663
4.3741
4.3819
4.3897
4.3975
4.4053
4.4131
4.4209
4.4287
4.4365
4.4443
4.4521
4.4599
4.4677
4.4755
4.4833
4.4911
4.4989
4.5067
4.5145
4.5223
4.5301
4.5379
4.5457
4.5535
4.5613
4.5691
4.5769
4.5847
4.5925
4.6003
4.6081
4.6159
4.6237
4.6315
4.6393
4.6471
4.6549
4.6627
4.6705
4.6783
4.6861
4.6939
4.7017
4.7095
4.7173
4.7251
4.7329
4.7407
4.7485
4.7563
4.7641
4.7719
4.7797
4.7875
4.7953
4.8031
4.8109
4.8187
4.8265
4.8343
4.8421
4.8499
4.8577
4.8655
4.8733
4.8811
4.8889
4.8967
4.9045
4.9123
4.9201
4.9279
4.9357
4.9435
4.9513
4.9591
4.9669
4.9747
4.9825
4.9903
4.9981
5.0059
5.0137
5.0215
5.0293
5.0371
5.0449
5.0527
5.0605
5.0683
5.0761
5.0839
5.0917
5.0995
5.1073
5.1151
5.1229
5.1307
5.1385
5.1463
5.1541
5.1619
5.1697
5.1775
5.1853
5.1931
5.2009
5.2087
5.2165
5.2243
5.2321
5.2399
5.2477
5.2555
5.2633
5.2711
5.2789
5.2867
5.2945
5.3023
5.3101
5.3179
5.3257
5.3335
5.3413
5.3491
5.3569
5.3647
5.3725
5.3803
5.3881
5.3959
5.4037
5.4115
5.4193
5.4271
5.4349
5.4427
5.4505
5.4583
5.4661
5.4739
5.4817
5.4895
5.4973
5.5051
5.5129
5.5207
5.5285
5.5363
5.5441
5.5519
5.5597
5.5675
5.5753
5.5831
5.5909
5.5987
5.6065
5.6143
5.6221
5.6299
5.6377
5.6455
5.6533
5.6611
5.6689
5.6767
5.6845
5.6923
5.7001
5.7079
5.7157
5.7235
5.7313
5.7391
5.7469
5.7547
5.7625
5.7703
5.7781
5.7859
5.7937
5.8015
5.8093
5.8171
5.8249
5.8327
5.8405
5.8483
5.8561
5.8639
5.8717
5.8795
5.8873
5.8951
5.9029
5.9107
5.9185
5.9263
5.9341
5.9419
5.9497
5.9575
5.9653
5.9731
5.9809
5.9887
5.9965
6.0043
6.0121
6.0199
6.0277
6.0355
6.0433
6.0511
6.0589
6.0667
6.0745
6.0823
6.0901
6.0979
6.1057
6.1135
6.1213
6.1291
6.1369
6.1447
6.1525
6.1603
6.1681
6.1759
6.1837
6.1915
6.1993
6.2071
6.2149
6.2227
6.2305
6.2383
6.2461
6.2539
6.2617
6.2695
6.2773
6.2851
6.2929
6.3007
6.3085
6.3163
6.3241
6.3319
6.3397
6.3475
6.3553
6.3631
6.3709
6.3787
6.3865
6.3943
6.4021
6.4099
6.4177
6.4255
6.4333
6.4411
6.4489
6.4567
6.4645
6.4723
6.4801
6.4879
6.4957
6.5035
6.5113
6.5191
6.5269
6.5347
6.5425
6.5503
6.5581
6.5659
6.5737
6.5815
6.5893
6.5971
6.6049
6.6127
6.6205
6.6283
6.6361
6.6439
6.6517
6.6595
6.6673
6.6751
6.6829
6.6907
6.6985
6.7063
6.7141
6.7219
6.7297
6.7375
6.7453
6.7531
6.7609
6.7687
6.7765
6.7843
6.7921
6.7999
6.8077
6.8155
6.8233
6.8311
6.8389
6.8467
6.8545
6.8623
6.8701
6.8779
6.8857
6.8935
6.9013
6.9091
6.9169
6.9247
6.9325
6.9403
6.9481
6.9559
6.9637
6.9715
6.9793
6.9871
6.9949
7.0027
7.0105
7.0183
7.0261
7.0339
7.0417
7.0495
7.0573
7.0651
7.0729
7.0807
7.0885
7.0963
7.1041
7.1119
7.1197
7.1275
7.1353
7.1431
7.1509
7.1587
7.1665
7.1743
7.1821
7.1899
7.1977
7.2055
7.2133
7.2211
7.2289
7.2367
7.2445
7.2523
7.2601
7.2679
7.2757
7.2835
7.2913
7.2991
7.3069
7.3147
7.3225
7.3303
7.3381
7.3459
7.3537
7.3615
7.3693
7.3771
7.3849
7.3927
7.4005
7.4083
7.4161
7.4239
7.4317
7.4395
7.4473
7.4551
7.4629
7.4707
7.4785
7.4863
7.4941
7.5019
7.5097
7.5175
7.5253
7.5331
7.5409
7.5487
7.5565
7.5643
7.5721
7.5799
7.5877
7.5955
7.6033
7.6111
7.6189
7.6267
7.6345
7.6423
7.6501
7.6579
7.6657
7.6735
7.6813
7.6891
7.6969
7.7047
7.7125
7.7203
7.7281
7.7359
7.7437
7.7515
7.7593
7.7671
7.7749
7.7827
7.7905
7.7983
7.8061
7.8139
7.8217
7.8295
7.8373
7.8451
7.8529
7.8607
7.8685
7.8763
7.8841
7.8919
7.8997
7.9075
7.9153
7.9231
7.9309
7.9387
7.9465
7.9543
7.9621
7.9699
7.9777
7.9855
7.9933
8.0011
8.0089
8.0167
8.0245
8.0323
8.0401
8.0479
8.0557
8.0635
8.0713
8.0791
8.0869
8.0947
8.1025
8.1103
8.1181
8.1259
8.1337
8.1415
8.1493
8.1571
8.1649
8.1727
8.1805
8.1883
8.1961
8.2039
8.2117
8.2195
8.2273
8.2351
8.2429
8.2507
8.2585
8.2663
8.2741
8.2819
8.2897
8.2975
8.3053
8.3131
8.3209
8.3287
8.3365
8.3443
8.3521
8.3599
8.3677
8.3755
8.3833
8.3911
8.3989
8.4067
8.4145
8.4223
8.4301
8.4379
8.4457
8.4535
8.4613
8.4691
8.4769
8.4847
8.4925
8.5003